smart ils
corte
small = np.array([12, 12, 12, 11, 13, 12, 11, 11, 12, 12])
hb = np.array([27, 27, 24, 26, 22, 23, 27, 27, 26, 27])
grid = np.array([36, 36, 35, 36, 36, 36, 36, 36, 36])
tempo
hb = np.array([0.134192790,0.134389506,0.192405230,0.192215424,0.226287169,0.176550843,0.134380256,0.133755898,0.142334203,0.133940414])
grid = np.array([0.623047913,0.615358620,0.617936913,0.850333418,0.617621557,0.618744397,0.678033620,0.688204204,0.688279620,0.683572074])

simulated annealing
corte
hb = np.array([27, 27, 27, 27, 27, 27, 27, 27, 27, 25])
grid = np.array([36, 36, 35, 36, 36, 36, 36, 36, 36])
tempo
hb = np.array([4.461037567,4.411818286,4.508303745,4.296057447,4.648362365,4.410149146,4.576864866,4.443743138,4.549088905,4.553549584])
grid = np.array([19.498041826,19.730346615,20.136175567,19.628962226,19.816157062,20.014666675,20.230360326,19.335969313,20.097981627,19.345286029])

grasp
corte
hb = np.array([15, 14, 14, 13, 16, 14, 17, 13, 15, 15, 15])
grid = np.array([25, 24, 23, 22, 23, 22, 26, 26, 26, 26])
tempo
hb = np.array([4.526126897,4.533513120,4.437166288,4.982997961,4.573625555,4.856722871,4.322825557,5.058761620,4.845516467,4.758402428])
grid = np.array([16.561013909,14.321600927,16.627203014,16.038694689,14.509302808,15.333934729,15.238818004,16.441438305,16.369450682,16.429305464])