CMPLIB2010/small/p17_16_24:
7,0.092203
7,0.089617353
7,0.092699250
7,0.088689538
7,0.090453336
7,0.092730173
7,0.094344300
7,0.092236026
7,0.094571819
7,0.089325665
Valor final:
7,0.917022363

CMPLIB2010/small/p18_16_21:
5,0.088103143
5,0.090622575
5,0.088388025
5,0.081051284
5,0.082215463
5,0.078558047
5,0.083684215
5,0.083345521
5,0.080508205
5,0.086766298
Valor final:
5,0.843423233

CMPLIB2010/small/p19_16_19:
4,0.075692703
5,0.073469910
5,0.075633988
5,0.076445584
5,0.074103391
5,0.071481270
5,0.075187608
5,0.069800151
5,0.075203813
4,0.069869283
Valor final:
4,0.737141427

CMPLIB2010/small/p20_16_18:
4,0.074668597
4,0.072398504
4,0.077052496
4,0.065968610
4,0.075976303
4,0.068580311
4,0.077964146
4,0.074199678
4,0.087323289
4,0.078871990
Valor final:
4,0.753249320

CMPLIB2010/small/p21_17_20:
4,0.092795000
4,0.098990930
4,0.093889053
4,0.104076543
4,0.095080703
4,0.090497424
5,0.090248258
5,0.094711072
5,0.097131448
4,0.092186763
Valor final:
4,0.949791591

CMPLIB2010/small/p23_17_23:
5,0.104322740
5,0.105713039
5,0.108610216
5,0.127287714
5,0.117832426
5,0.114286654
6,0.111531781
5,0.116881814
5,0.121057429
5,0.116198365
Valor final:
5,1.143942143

CMPLIB2010/small/p24_17_29:
8,0.162245110
8,0.175318082
8,0.189270196
8,0.149850011
8,0.161590563
8,0.156138618
8,0.158035832
8,0.160252117
8,0.139054357
8,0.150055953
Valor final:
8,1.602072331

CMPLIB2010/small/p40_18_32:
8,0.182283579
8,0.183089097
8,0.193392110
8,0.190886962
8,0.186888546
8,0.181361850
8,0.172944326
8,0.181221965
8,0.179451409
8,0.176904525
Valor final:
8,1.828669113

CMPLIB2010/small/p41_19_20:
3,0.130687044
3,0.126550774
3,0.111267707
3,0.127644807
3,0.123079459
3,0.118904208
4,0.116895548
3,0.121746703
3,0.111206812
3,0.119283397
Valor final:
3,1.207539156

CMPLIB2010/small/p42_19_24:
5,0.137322368
5,0.144629974
5,0.145648981
5,0.146599066
5,0.130585916
5,0.132028858
5,0.140587539
5,0.149987363
5,0.131720361
5,0.150635014
Valor final:
5,1.409993134

CMPLIB2010/small/p60_20_22:
5,0.134860482
5,0.145146954
4,0.146154264
4,0.146127842
4,0.143874626
4,0.149630940
5,0.149928456
4,0.143459394
5,0.138207871
5,0.151552401
Valor final:
4,1.449188890

CMPLIB2010/small/p61_21_22:
4,0.160876660
4,0.161748471
4,0.164618732
4,0.155356106
4,0.163256235
4,0.163176962
4,0.172772206
4,0.170879768
4,0.160225614
4,0.155120896
Valor final:
4,1.628283618

CMPLIB2010/small/p62_21_30:
7,0.221087880
7,0.305752406
7,0.307340810
7,0.282325534
7,0.265095279
7,0.303999723
7,0.272537375
7,0.278910322
7,0.287702305
7,0.285012970
Valor final:
7,2.810056078

CMPLIB2010/small/p63_21_42:
12,0.446579448
12,0.462793859
12,0.450765675
12,0.405647956
12,0.424734669
12,0.375117209
12,0.400995733
13,0.371976493
12,0.394911607
12,0.392780158
Valor final:
12,4.126562990

CMPLIB2010/small/p64_21_22:
4,0.196797018
4,0.197580656
4,0.198967100
4,0.212173678
4,0.201390161
4,0.181649544
4,0.187316514
4,0.180194625
4,0.176415733
4,0.184806746
Valor final:
4,1.917513144

CMPLIB2010/small/p70_21_25:
5,0.160381380
5,0.167743166
5,0.180117969
5,0.169056519
5,0.170197444
5,0.166991646
5,0.175221669
5,0.168244330
5,0.159305581
5,0.161924080
Valor final:
5,1.679383115

CMPLIB2010/small/p71_22_29:
6,0.243607780
6,0.253820732
5,0.240468954
6,0.250178673
6,0.276240494
6,0.252453173
6,0.269162762
6,0.279243719
6,0.286487987
6,0.279313499
Valor final:
5,2.631122457

CMPLIB2010/small/p72_22_49:
15,0.530418244
15,0.516003497
15,0.526178652
15,0.516027317
14,0.504719010
14,0.526966192
14,0.488291433
15,0.464310817
14,0.487705270
15,0.465664650
Valor final:
14,5.026537285

CMPLIB2010/small/p73_22_29:
5,0.231099687
5,0.239195210
5,0.222993666
5,0.235367876
5,0.234694496
5,0.228781659
6,0.233178970
5,0.224022372
5,0.222111513
5,0.238732351
Valor final:
5,2.310385821

CMPLIB2010/small/p74_22_30:
6,0.253004395
6,0.239173250
6,0.261573391
7,0.248283294
6,0.258801043
6,0.256602966
6,0.271685062
6,0.267303267
6,0.251690200
6,0.276220813
Valor final:
6,2.584525023

CMPLIB2010/small/p80_22_30:
6,0.229876196
6,0.220980394
6,0.224718218
6,0.235768847
5,0.230194952
6,0.244895382
6,0.223094499
6,0.243588832
6,0.253047789
6,0.216036455
Valor final:
5,2.322430673

CMPLIB2010/small/p81_23_46:
13,0.510720179
13,0.469173821
13,0.466304343
13,0.503606043
13,0.515280230
13,0.555449666
13,0.629066103
14,0.628081411
13,0.685277941
13,0.601478851
Valor final:
13,5.564716943

CMPLIB2010/small/p82_23_24:
5,0.285589934
5,0.281217181
5,0.298160963
5,0.290173644
5,0.244013842
5,0.228314711
5,0.276468951
5,0.254331843
5,0.233936332
5,0.254622911
Valor final:
5,2.647063942

CMPLIB2010/small/p99_24_27:
5,0.340433710
5,0.334003332
5,0.291477335
5,0.286102083
5,0.285689651
5,0.310004163
5,0.311600347
5,0.338495180
5,0.287192534
5,0.262734730
Valor final:
5,3.047989363

CMPLIB2010/small/p100_24_34:
7,0.355543827
7,0.385749168
7,0.350252360
7,0.370451595
7,0.365448040
7,0.404355507
7,0.366034835
7,0.352280870
7,0.380452700
7,0.411762780
Valor final:
7,3.742600609

CMPLIB2010/harwellboeing/494_bus.mtx.rnd:
31,84.063454767
33,84.669438154
33,82.985390882
31,82.464624280
29,88.326935282
33,87.765141573
30,79.304149594
32,85.000430147
33,84.007924068
30,87.858644641
Valor final:
29,846.447414550

CMPLIB2010/harwellboeing/662_bus.mtx.rnd:
50,198.338772480
48,182.744128738
50,183.716302662
50,195.724698324
47,199.901837252
51,181.629743031
51,196.260752627
51,179.630353944
50,186.713156610
47,198.125715167
Valor final:
47,1902.787598069

CMPLIB2010/harwellboeing/arc130.mtx.rnd:
209,169.283462414
208,146.702510089
208,157.976095953
205,163.479956220
211,159.760098461
210,181.454445653
210,155.902816472
205,169.861762888
209,162.500065789
207,156.564871469
Valor final:
205,1623.486892807

CMPLIB2010/harwellboeing/ash292.mtx.rnd:
70,179.412929873
68,157.802189458
71,148.241090690
74,156.996996845
56,150.791793028
68,169.112038731
72,220.675365441
62,234.129620457
70,161.249284045
52,164.520070973
Valor final:
52,1742.932815161

CMPLIB2010/harwellboeing/bcspwr01.mtx.rnd:
5,1.294683032
5,1.578556381
6,1.561040543
5,1.456520383
6,1.371245031
6,1.301245079
6,1.399295984
6,1.573039329
5,1.565810193
5,1.405255631
Valor final:
5,14.506963875

CMPLIB2010/harwellboeing/bcspwr05.mtx.rnd:
35,86.141731979
31,78.329465226
31,84.644156410
34,88.277539520
34,82.001659007
31,84.817924126
33,93.510808228
31,80.641228960
33,92.851583505
37,84.990615674
Valor final:
31,856.207840512

CMPLIB2010/harwellboeing/bcsstk01.mtx.rnd:
38,8.054361385
38,8.689636279
37,8.613550295
40,8.876204666
38,8.242330999
37,8.137062620
39,8.590497756
39,7.999043512
38,8.127239086
39,7.909657540
Valor final:
37,83.239951209

CMPLIB2010/harwellboeing/bcsstk02.mtx.rnd:
1089,32.224355066
1089,32.111562316
1089,32.089668977
1089,32.061206451
1089,32.128583238
1089,32.020387701
1089,32.036292645
1089,32.052336169
1089,31.981834091
1089,32.397493084
Valor final:
1089,321.105000898

CMPLIB2010/harwellboeing/bcsstk04.mtx.rnd:
327,342.404335039
330,361.846063075
340,408.116416959
334,348.718513740
335,387.238685704
332,419.702275249
336,393.692474500
331,407.828266299
336,359.823331723
329,402.289973589
Valor final:
327,3831.661766575

CMPLIB2010/harwellboeing/bcsstk20.mtx.rnd:
68,522.935862004
70,607.416202516
73,458.374817496
68,552.284062456
77,576.908215465
77,580.928283291
66,539.951808523
64,518.458524797
75,537.710240201
70,527.218427567
Valor final:
64,5422.188690083

CMPLIB2010/harwellboeing/bcsstk22.mtx.rnd:
25,14.909672994
25,16.910617938
21,14.555070704
22,14.211899488
22,14.279475429
23,14.735067859
22,13.707026133
22,15.125658836
24,16.620659314
22,15.082341859
Valor final:
21,150.137814837

CMPLIB2010/harwellboeing/can__144.mtx.rnd:
57,71.643957494
63,61.548360072
63,65.145195611
61,62.668160645
64,65.354442377
63,58.361826679
58,61.354392221
60,59.469200187
63,60.074002091
57,63.597601991
Valor final:
57,629.217712370

CMPLIB2010/harwellboeing/can__161.mtx.rnd:
77,52.018652273
74,49.919409790
78,50.213112888
74,49.371458749
76,56.491483557
70,51.061776737
72,50.035965963
74,50.974852292
78,45.861256165
72,54.021003042
Valor final:
70,509.969562141

CMPLIB2010/harwellboeing/curtis54.mtx.rnd:
17,5.787880904
20,4.797281232
19,4.799220323
21,4.520113084
16,4.914454881
17,4.282634018
19,4.776007410
20,4.887555459
21,5.161903206
18,5.246353674
Valor final:
16,49.173644297

CMPLIB2010/harwellboeing/lund_a.mtx.rnd:
131,113.398352242
131,143.173370926
131,133.297963765
145,152.332126878
129,132.865597885
128,139.810794719
129,117.659938249
128,140.771360142
130,131.849211396
134,123.016355026
Valor final:
128,1328.175958258

CMPLIB2010/harwellboeing/mcca.mtx.rnd:
397,350.634405069
397,456.098941145
398,443.093172689
397,408.717742250
397,402.765354884
398,457.978350596
393,446.115394282
400,425.748517267
399,422.477899635
395,457.905774837
Valor final:
393,4271.537167535

CMPLIB2010/harwellboeing/nnc261.mtx.rnd:
87,123.803028454
73,133.771530450
74,117.588367564
74,125.668432152
76,120.456564729
72,127.342166726
84,123.128383039
81,123.738790998
86,114.869648168
68,122.878994960
Valor final:
68,1233.246853168

CMPLIB2010/harwellboeing/nos5.mtx.rnd:
276,1052.836905934
292,1208.165791527
256,990.298408698
250,1214.329323946
259,1099.019130728
269,1089.245933539
275,1230.188497052
260,1214.677125997
275,1165.644185706
259,1134.117697997
Valor final:
250,11398.527158032

CMPLIB2010/harwellboeing/nos6.mtx.rnd:
65,263.512042561
65,223.106716987
67,256.098459494
59,245.386359724
59,234.174102395
62,213.373887866
66,248.905544143
59,239.693173107
61,242.359574832
62,228.433567630
Valor final:
59,2395.046143116

CMPLIB2010/harwellboeing/plat362.mtx.rnd:
234,547.110512539
221,520.568963657
221,532.285794599
233,538.753370402
190,588.239672862
199,540.361183253
235,559.695212016
202,497.841698752
242,594.866508539
234,586.291345347
Valor final:
190,5506.017690512

CMPLIB2010/harwellboeing/plskz362.mtx.rnd:
60,100.797322998
61,100.799374726
64,95.909875213
54,106.280581670
53,107.686543088
57,83.577312222
60,85.344946854
52,107.836195428
59,104.770101724
51,99.461317723
Valor final:
51,992.464858060

CMPLIB2010/harwellboeing/shl__200.mtx.rnd:
450,2556.996216927
450,2534.494548380
449,2730.057961758
448,2495.284699544
458,2344.995805756
439,2494.347780159
451,2609.409943803
445,2538.943430255
454,2744.043466875
449,2425.807985039
Valor final:
439,25474.386743725

CMPLIB2010/harwellboeing/shl__400.mtx.rnd:
439,2309.776280569
442,2237.212671534
449,2126.097399753
438,2231.240417173
449,2189.037661690
445,2349.320794611
439,2490.327187903
445,2403.126791897
439,2610.176198956
454,2571.844559269
Valor final:
438,23518.164516032

CMPLIB2010/harwellboeing/str__200.mtx.rnd:
658,2070.553628259
657,2051.833861501
657,1941.511816979
674,2077.719752810
675,2054.017705363
643,2096.317360645
660,2128.851925396
644,1924.064284718
666,1984.191388779
658,1994.151145092
Valor final:
643,20323.217441345

CMPLIB2010/harwellboeing/str__600.mtx.rnd:
724,2393.259301445
700,2686.968554779
675,2227.246345145
716,2307.101513114
717,2332.866389256
715,2420.349885840
718,2347.471306277
682,2175.879309202
694,2244.032423089
707,2300.966849721
Valor final:
675,23436.146863627

CMPLIB2010/harwellboeing/will199.mtx.rnd:
167,115.405125268
172,109.447760014
172,121.478526075
168,104.641361896
168,113.374188901
169,119.540990807
173,106.633433632
172,107.288392014
169,110.346874739
173,121.815080657
Valor final:
167,1129.972521360

CMPLIB2010/harwellboeing/will57.mtx.rnd:
15,4.526126897
14,4.533513120
14,4.437166288
13,4.982997961
16,4.573625555
14,4.856722871
17,4.322825557
13,5.058761620
15,4.845516467
15,4.758402428
Valor final:
13,46.895863388

CMPLIB2010/grids/Grid12x3:
8,2.097482142
8,2.050970712
7,1.968081764
8,1.878110058
8,2.129609166
5,2.017708995
7,2.055623932
8,2.119366912
8,1.938536702
8,2.167463530
Valor final:
5,20.423106574

CMPLIB2010/grids/Grid12x6:
13,3.904590035
12,4.411320976
13,3.693046420
12,4.119762726
12,4.469184200
12,4.283019752
12,4.099332621
13,4.202940908
14,3.534607869
12,4.101151082
Valor final:
12,40.819168815

CMPLIB2010/grids/Grid12x9:
20,9.087069938
20,8.111011947
20,7.464013692
20,7.089789479
19,8.209042183
20,8.230768565
19,7.720633885
19,8.225007169
21,7.974634632
21,7.419123124
Valor final:
19,79.531368108

CMPLIB2010/grids/Grid15x12:
30,19.475558544
30,19.353167608
27,18.308026821
28,16.598421457
30,19.959510622
28,17.813629309
29,15.335226274
26,19.298310784
26,18.043874643
29,19.225240307
Valor final:
26,183.411379453

CMPLIB2010/grids/Grid15x15:
33,26.445651021
32,26.279354810
30,29.035692997
32,28.620271473
32,27.085970667
32,31.312739867
30,28.082467866
32,28.114441923
34,26.812777197
33,26.891370045
Valor final:
30,278.681272577

CMPLIB2010/grids/Grid15x18:
35,34.713992248
35,34.641590499
39,31.256330842
39,34.377412808
35,34.938445587
39,35.379364149
34,36.722148522
33,39.235189173
40,34.223622571
35,34.961407975
Valor final:
33,350.450143305

CMPLIB2010/grids/Grid18x21:
44,66.213660917
45,62.767506403
45,67.057974887
44,64.309191222
45,69.169958102
43,65.666097444
44,61.138226748
46,73.051102541
45,66.644239489
46,64.457226505
Valor final:
43,660.476208545

CMPLIB2010/grids/Grid21x24:
51,111.557002855
56,109.087327115
52,121.028330586
54,124.687493990
59,107.268956563
53,118.943672894
51,116.030342564
47,125.908886954
55,121.213202444
58,119.883867129
Valor final:
47,1175.610708999

CMPLIB2010/grids/Grid24x27:
65,188.471422370
70,184.192145428
52,183.746172542
62,197.290047915
61,196.759220441
67,176.695297445
64,178.487649063
65,205.363796036
69,183.127358456
67,193.876960423
Valor final:
52,1888.012580387

CMPLIB2010/grids/Grid27x24:
51,180.476194598
57,201.774504692
63,190.021828870
56,182.083605198
61,194.053441506
59,194.043884630
56,195.411409227
63,182.415617443
58,205.703363610
65,182.049370285
Valor final:
51,1908.035742075

CMPLIB2010/grids/Grid27x27:
63,229.428706632
73,232.390931192
71,249.735373866
74,257.554007953
61,258.276302185
67,250.245674274
72,257.528992949
71,249.148256498
69,267.469240322
70,241.462135675
Valor final:
61,2493.242693590

CMPLIB2010/grids/Grid3x3:
4,0.013134746
4,0.012878851
4,0.013056381
4,0.012591308
4,0.012405939
4,0.013595256
4,0.011733444
4,0.011535492
4,0.013212077
4,0.012771193
Valor final:
4,0.126970284

CMPLIB2010/grids/Grid6x6:
9,1.632577847
9,1.542706881
9,1.513458757
9,1.386073367
9,1.622778721
9,1.462587663
9,1.671596167
9,1.614132227
9,1.499907528
9,1.564665392
Valor final:
9,15.510625094

CMPLIB2010/grids/Grid6x9:
11,2.563366321
11,2.692238443
12,2.772996892
13,2.771800751
11,2.707663516
11,2.873299989
11,2.528738306
13,2.675221587
12,2.708080602
13,2.736379789
Valor final:
11,27.029973302

CMPLIB2010/grids/Grid9x18:
25,16.561013909
24,14.321600927
23,16.627203014
22,16.038694689
23,14.509302808
22,15.333934729
26,15.238818004
23,16.441438305
23,16.369450682
26,16.429305464
Valor final:
22,157.871132470

