CMPLIB2010/small/p17_16_24:
8,0.680823
7,0.836589536
7,0.858433841
7,0.866247598
8,0.809822920
8,0.773298576
7,0.714869776
7,0.715681829
7,0.700716127
8,0.711369966
Valor final:
7,7.668144083

CMPLIB2010/small/p18_16_21:
6,0.619156881
6,0.561916406
5,0.575863850
6,0.560663794
6,0.552965468
6,0.546622937
5,0.549975636
6,0.565212638
6,0.626973437
6,0.640105942
Valor final:
5,5.799711010

CMPLIB2010/small/p19_16_19:
5,0.629665341
5,0.603674121
5,0.627311989
5,0.649481385
5,0.667740004
5,0.579898471
5,0.588767996
5,0.606050600
5,0.581270688
6,0.601752650
Valor final:
5,6.136237968

CMPLIB2010/small/p20_16_18:
5,0.504752446
5,0.545704347
5,0.632531023
5,0.656348784
5,0.578756412
5,0.562633996
5,0.615149895
5,0.574212284
5,0.507815430
5,0.495056441
Valor final:
5,5.673212371

CMPLIB2010/small/p21_17_20:
5,0.526175382
6,0.537672749
6,0.640361429
5,0.541797362
5,0.531860091
5,0.528405984
6,0.508970396
5,0.505499323
5,0.502443445
6,0.501786685
Valor final:
5,5.325226567

CMPLIB2010/small/p23_17_23:
7,0.594678154
6,0.529509167
7,0.526306733
7,0.529035189
7,0.566393174
7,0.575248478
7,0.552949593
6,0.561246764
7,0.561670492
6,0.584521686
Valor final:
6,5.581811754

CMPLIB2010/small/p24_17_29:
9,0.725493045
9,0.759179116
9,0.708998833
9,0.721276934
9,0.707009604
10,0.719902879
9,0.756943865
9,0.714958427
9,0.736400884
9,0.768563197
Valor final:
9,7.318993298

CMPLIB2010/small/p40_18_32:
9,0.898644669
9,1.085820512
9,1.125379818
9,1.152582950
9,1.049727742
9,1.000345306
9,1.018918811
9,0.974038727
9,0.934867401
9,0.898046513
Valor final:
9,10.138655402

CMPLIB2010/small/p41_19_20:
4,0.589608461
4,0.565810605
4,0.582823745
4,0.568660460
4,0.576085457
4,0.656150093
4,0.636024183
4,0.634467484
4,0.620318186
4,0.640568433
Valor final:
4,6.070787862

CMPLIB2010/small/p42_19_24:
7,0.761670464
7,0.676819869
7,0.673672577
6,0.726007283
6,0.689205891
7,0.693330245
7,0.726311334
7,0.747163934
7,0.772857012
6,0.771455208
Valor final:
6,7.238757524

CMPLIB2010/small/p60_20_22:
6,0.764010885
6,0.739422943
5,0.678068479
6,0.667725547
6,0.681433303
6,0.669848036
6,0.662896808
6,0.641238438
6,0.731448535
6,0.749448105
Valor final:
5,6.985826836

CMPLIB2010/small/p61_21_22:
6,0.756435206
6,0.751572644
6,0.789970109
6,0.712430000
6,0.668156479
6,0.690643942
6,0.663294061
5,0.697511809
6,0.679631008
5,0.759626234
Valor final:
5,7.169548743

CMPLIB2010/small/p62_21_30:
9,0.982365134
9,0.975801713
9,0.990097212
9,0.942274068
10,0.882837869
9,0.854700641
10,0.853807042
9,0.874107075
9,0.943665346
9,0.993761527
Valor final:
9,9.293707796

CMPLIB2010/small/p63_21_42:
14,1.300363818
13,1.284589549
14,1.128023472
14,1.153286728
13,1.163975792
14,1.278338950
14,1.243884802
14,1.287248558
14,1.166479744
14,1.176576153
Valor final:
13,12.183056200

CMPLIB2010/small/p64_21_22:
6,0.658734705
6,0.657998391
6,0.667216731
6,0.753351060
6,0.756404781
6,0.763580128
5,0.747116794
6,0.773352211
5,0.695434192
6,0.661080029
Valor final:
5,7.134542057

CMPLIB2010/small/p70_21_25:
7,0.756299863
7,0.783085853
7,0.767081158
7,0.780191783
7,0.849136494
7,0.863462689
7,0.858152889
7,0.966670160
7,0.814938464
7,0.844153774
Valor final:
7,8.283456983

CMPLIB2010/small/p71_22_29:
6,0.813587741
6,0.797836645
6,0.789026489
6,0.886631171
6,1.010709136
6,0.930450980
6,0.941483797
6,0.855569215
6,0.813887439
6,0.823607640
Valor final:
6,8.663069680

CMPLIB2010/small/p72_22_49:
16,1.232602256
17,1.306856152
16,1.405458902
16,1.378575041
16,1.262374448
15,1.218082176
17,1.207882159
16,1.273853114
16,1.355785094
16,1.337424502
Valor final:
15,12.979181284

CMPLIB2010/small/p73_22_29:
7,0.882374604
8,0.804915973
8,0.793166277
8,0.813745483
8,0.830950463
8,0.787283677
8,0.960037378
7,1.045353828
8,0.934821113
8,0.898311228
Valor final:
7,8.751246450

CMPLIB2010/small/p74_22_30:
9,0.904859893
9,0.855792297
7,0.852033023
9,0.860237806
9,0.933072176
9,1.072867758
8,0.987792949
9,0.949123212
8,0.958559683
8,0.909236736
Valor final:
7,9.283868402

CMPLIB2010/small/p80_22_30:
8,0.876994530
8,0.863254087
8,0.847792420
8,0.915270975
8,0.962126434
8,0.986824087
8,0.955902890
8,0.902935847
8,0.827224244
8,0.856542112
Valor final:
8,8.995169366

CMPLIB2010/small/p81_23_46:
15,1.250120893
15,1.392074335
16,1.464864996
16,1.381928002
16,1.325288791
15,1.350888714
15,1.350990848
15,1.507835324
15,1.475500718
16,1.361684531
Valor final:
15,13.861473322

CMPLIB2010/small/p82_23_24:
6,0.738852412
6,0.766454509
6,0.756969066
6,0.750018036
6,0.771365534
6,0.776926597
6,0.837699436
6,0.829692560
6,0.867446197
6,0.842816692
Valor final:
6,7.938533840

CMPLIB2010/small/p99_24_27:
7,0.833959553
7,0.815506003
7,0.811287651
7,0.822654809
7,0.797230230
6,0.885709995
7,0.920467374
7,0.920448329
7,0.907571750
5,0.861178809
Valor final:
5,8.576290482

CMPLIB2010/small/p100_24_34:
11,0.933908235
9,0.904623546
10,0.947468873
10,0.977612243
9,1.031136168
11,1.025418928
10,1.037667986
10,1.011749513
10,0.916951541
10,0.931902331
Valor final:
9,9.718723762

CMPLIB2010/harwellboeing/494_bus.mtx.rnd:
39,117.296903097
39,121.908838072
39,116.164423125
39,116.611338764
39,119.340797647
39,118.631350201
39,119.568192714
39,119.243802355
39,117.521756118
39,114.714621331
Valor final:
39,1181.003219592

CMPLIB2010/harwellboeing/662_bus.mtx.rnd:
67,229.476851582
67,230.956929655
67,226.993563154
67,234.523984718
67,229.981337622
67,227.054574839
67,227.054211600
67,229.461195041
67,224.525038874
67,226.830067518
Valor final:
67,2286.860237977

CMPLIB2010/harwellboeing/arc130.mtx.rnd:
221,45.879910814
232,44.809855001
225,44.577043959
221,44.948865797
227,45.263039269
227,44.531770419
234,45.149035241
226,45.254888863
238,45.826761372
220,44.924378574
Valor final:
220,451.166284486

CMPLIB2010/harwellboeing/ash292.mtx.rnd:
178,119.216728589
178,118.031649817
178,121.426572472
178,119.683225810
178,120.000096686
178,116.730218446
178,119.520590263
178,117.811165097
178,120.810520629
178,124.917245982
Valor final:
178,1198.149463296

CMPLIB2010/harwellboeing/bcspwr01.mtx.rnd:
9,1.524329203
9,1.749442488
9,1.722709475
9,1.593084335
9,1.542418101
9,1.527885790
9,1.683418648
9,1.711198924
9,1.614315836
9,1.521750201
Valor final:
9,16.190830485

CMPLIB2010/harwellboeing/bcspwr05.mtx.rnd:
40,104.402472155
40,103.393137936
40,104.746064318
40,105.099335580
40,102.993698323
40,103.867763104
40,104.732151379
40,106.422795530
40,103.640289951
40,107.340803837
Valor final:
40,1046.639632360

CMPLIB2010/harwellboeing/bcsstk01.mtx.rnd:
50,6.534167720
50,6.579633090
48,6.266267707
46,6.624487509
48,6.419410515
41,6.368825990
47,6.216652150
45,6.155865844
45,6.450174624
50,6.506331298
Valor final:
41,64.122155625

CMPLIB2010/harwellboeing/bcsstk02.mtx.rnd:
1089,58.929815271
1089,59.169270819
1089,59.091639418
1089,58.988087553
1089,59.235905346
1089,58.972878526
1089,59.071861256
1089,59.978889287
1089,59.919459171
1089,59.798863529
Valor final:
1089,593.157956716

CMPLIB2010/harwellboeing/bcsstk04.mtx.rnd:
361,108.951928544
375,106.601586324
362,108.220757576
348,107.717321042
373,106.227041599
361,107.668474425
358,106.018152272
365,106.493069239
354,108.463685698
348,109.000072258
Valor final:
348,1075.363558177

CMPLIB2010/harwellboeing/bcsstk20.mtx.rnd:
130,234.634740613
130,237.245714750
130,236.506600791
130,235.597320461
130,232.669902355
130,234.881943312
130,233.641613812
130,237.135050042
130,230.725772459
130,235.239567115
Valor final:
130,2348.280344582

CMPLIB2010/harwellboeing/bcsstk22.mtx.rnd:
38,13.434892555
38,14.204499692
38,13.568767562
38,13.890399497
35,13.811994951
38,13.958780745
38,13.619653435
38,13.921358003
38,13.822462159
38,13.673499481
Valor final:
35,137.906667721

CMPLIB2010/harwellboeing/can__144.mtx.rnd:
128,37.647378309
132,37.827394960
126,37.938510058
123,39.391112673
133,39.476429175
112,37.577345256
120,39.228186171
126,38.595077284
109,38.833951909
132,38.495606628
Valor final:
109,385.011611677

CMPLIB2010/harwellboeing/can__161.mtx.rnd:
101,42.382385207
101,42.197609224
101,42.442027244
99,43.255959033
101,42.203242064
101,42.177462409
101,42.879403267
101,42.270298452
101,41.860418832
101,42.488520288
Valor final:
99,424.158001215

CMPLIB2010/harwellboeing/curtis54.mtx.rnd:
27,4.317906733
27,4.677090014
27,4.293034108
27,4.637973812
27,4.447737093
27,4.485377708
27,4.572366456
27,4.411716301
27,4.641394095
26,4.254870789
Valor final:
26,44.739710578

CMPLIB2010/harwellboeing/lund_a.mtx.rnd:
203,73.942120531
191,73.610566644
203,75.771910553
200,75.830996786
203,74.416417050
200,74.753519056
198,74.208456814
185,75.101201462
203,74.023235551
203,72.813564093
Valor final:
185,744.472955696

CMPLIB2010/harwellboeing/mcca.mtx.rnd:
431,126.317533076
432,126.515671218
416,128.222409427
430,125.127546035
407,124.097948964
412,127.424273686
468,127.806954585
483,124.533166117
416,128.035173892
413,125.512268666
Valor final:
407,1263.594667320

CMPLIB2010/harwellboeing/nnc261.mtx.rnd:
139,82.733829062
139,82.981049842
138,81.724811449
139,82.609730514
139,84.513757366
139,83.798570639
139,83.681452563
139,84.158592392
139,81.741204915
139,83.381657255
Valor final:
138,831.325682296

CMPLIB2010/harwellboeing/nos5.mtx.rnd:
382,433.934069682
386,417.052824684
386,408.968385320
386,399.003753707
386,410.353397566
386,412.700185959
386,416.304949328
386,410.140023212
382,409.589688749
386,409.863596111
Valor final:
382,4127.915008920

CMPLIB2010/harwellboeing/nos6.mtx.rnd:
91,297.047081217
91,301.156252189
91,290.975130623
91,290.162231125
91,299.199427598
91,292.580747456
91,294.395200084
91,288.456904471
91,284.324638294
91,290.315090174
Valor final:
91,2928.615600468

CMPLIB2010/harwellboeing/plat362.mtx.rnd:
308,354.082536194
308,352.317429970
308,347.474335365
308,346.400249987
308,349.432665188
308,351.151641280
308,338.905500113
308,333.653121286
308,341.431367156
308,337.572735741
Valor final:
308,3452.425006356

CMPLIB2010/harwellboeing/plskz362.mtx.rnd:
96,111.432077446
96,110.778412708
96,110.817266470
96,114.653469734
96,113.177501233
96,111.703632586
96,110.969562819
96,111.871790777
96,111.622124099
96,109.844168223
Valor final:
96,1116.871281684

CMPLIB2010/harwellboeing/shl__200.mtx.rnd:
570,393.020452808
570,396.908684608
570,401.056263307
570,405.028180637
570,386.945309467
570,393.203474444
570,400.495619448
570,392.850270505
570,401.790188912
570,398.269319108
Valor final:
570,3969.572320805

CMPLIB2010/harwellboeing/shl__400.mtx.rnd:
554,392.248501348
555,394.612568387
555,388.439684008
555,393.701593558
555,394.643185031
555,386.144665818
555,389.495713328
555,402.673887941
555,396.764855525
555,402.240487399
Valor final:
554,3940.970011029

CMPLIB2010/harwellboeing/str__200.mtx.rnd:
696,390.763056304
717,392.170124674
698,401.971981279
730,400.373463930
726,413.512080114
731,396.838390253
722,402.974663775
690,392.718418184
695,419.781142835
727,392.771077193
Valor final:
690,4003.878981323

CMPLIB2010/harwellboeing/str__600.mtx.rnd:
762,428.198008672
748,427.143910822
762,411.325772088
745,423.856938331
780,424.793203695
762,425.591800076
732,420.485607122
780,435.615277106
741,408.812649749
754,425.976338432
Valor final:
732,4231.804463823

CMPLIB2010/harwellboeing/will199.mtx.rnd:
199,54.717887078
199,55.014649026
199,55.034518717
199,55.381168813
199,52.907715658
199,53.890032715
199,54.082767679
199,51.792058832
198,56.360554078
199,54.021092789
Valor final:
198,543.203222833

CMPLIB2010/harwellboeing/will57.mtx.rnd:
27,4.461037567
27,4.411818286
27,4.508303745
27,4.296057447
27,4.648362365
25,4.410149146
27,4.576864866
27,4.443743138
27,4.549088905
27,4.553549584
Valor final:
25,44.859188777

CMPLIB2010/grids/Grid12x3:
14,1.778812918
14,1.730634463
14,1.670768250
14,1.776577341
14,1.859079371
14,1.705434524
14,1.699364352
14,1.766680838
14,1.831707809
14,1.762839585
Valor final:
14,17.582056029

CMPLIB2010/grids/Grid12x6:
29,4.962677366
29,5.003696897
29,4.994059017
29,4.832820715
29,5.053195972
29,5.010417840
29,5.040811050
29,5.042385735
29,4.955617883
29,4.957160416
Valor final:
29,49.853082567

CMPLIB2010/grids/Grid12x9:
29,9.521725709
29,9.814019264
29,9.836995155
29,9.607405702
29,9.626595413
29,9.571351205
29,9.794711306
29,9.707113333
29,9.624416492
29,9.729667972
Valor final:
29,96.834282926

CMPLIB2010/grids/Grid15x12:
46,23.573583917
46,24.300278031
45,24.404912573
46,24.068109165
46,23.646164517
46,24.255638602
46,23.930700356
44,24.071348232
46,23.891795813
46,23.744925650
Valor final:
44,239.887880485

CMPLIB2010/grids/Grid15x15:
65,35.775242332
65,36.333636518
65,35.549202890
65,35.247801172
65,36.538712250
65,36.945245023
65,36.783745060
65,35.986572191
65,35.761043393
65,36.273194773
Valor final:
65,361.194942168

CMPLIB2010/grids/Grid15x18:
57,50.115967465
57,51.237925547
57,49.969914167
57,49.798426674
57,49.580662048
57,50.286209989
57,49.671959741
57,50.183737133
57,50.668404433
57,50.330637891
Valor final:
57,501.844511237

CMPLIB2010/grids/Grid18x21:
60,94.895993384
60,95.153461744
60,93.202114894
60,93.624617909
60,93.293893076
60,95.744922699
60,95.409370481
60,94.222737885
60,94.776880728
60,93.550779833
Valor final:
60,943.875812222

CMPLIB2010/grids/Grid21x24:
80,162.605525619
80,164.194106639
80,164.167806414
80,165.518319320
80,162.328836392
80,166.385713234
80,163.578417862
80,167.484879166
80,163.943919336
80,165.912524659
Valor final:
80,1646.121797522

CMPLIB2010/grids/Grid24x27:
106,269.862637491
106,266.129774255
106,265.091394655
106,269.164066262
105,269.333117219
106,267.753944224
106,266.573660976
106,270.336585274
106,265.910864174
106,263.590442378
Valor final:
105,2673.749196508

CMPLIB2010/grids/Grid27x24:
109,263.801860883
109,264.352657376
109,265.823366118
109,265.220283590
109,269.042267742
109,270.313174669
109,267.086188005
109,268.408140376
109,266.021179899
109,266.779708515
Valor final:
109,2666.851372868

CMPLIB2010/grids/Grid27x27:
99,339.092753906
99,335.573091608
99,340.606676569
99,329.692722645
99,335.893619194
99,339.774499372
99,333.413176550
99,334.708504929
99,339.578362484
99,332.764188795
Valor final:
99,3361.100709883

CMPLIB2010/grids/Grid3x3:
4,0.349389365
4,0.337378884
4,0.351604362
4,0.325735559
4,0.344971025
4,0.343762872
4,0.327235010
4,0.345906150
4,0.367319073
4,0.366371051
Valor final:
4,3.459740567

CMPLIB2010/grids/Grid6x6:
17,1.840966085
17,1.775416874
16,1.746291251
17,1.704565265
17,1.807132483
17,1.880001919
17,1.721518036
17,1.640672222
17,1.768486991
17,1.854320663
Valor final:
16,17.739569220

CMPLIB2010/grids/Grid6x9:
17,3.165470607
17,3.095617516
17,3.248632702
17,3.067537761
17,3.202967390
17,3.165636117
17,3.041395574
17,3.200991895
17,3.112670465
17,3.169967693
Valor final:
17,31.471099895

CMPLIB2010/grids/Grid9x18:
36,19.498041826
36,19.730346615
36,20.136175567
36,19.628962226
36,19.816157062
36,20.014666675
36,20.230360326
36,19.335969313
36,20.097981627
36,19.345286029
Valor final:
36,197.834333492

