CMPLIB2010/small/p17_16_24:
9,0.015536
8,0.019565850
9,0.015876332
8,0.027666104
8,0.021416102
8,0.029868700
8,0.022208943
7,0.018125046
8,0.025226499
9,0.016630979
Valor final:
7,0.212249594

CMPLIB2010/small/p18_16_21:
7,0.013572789
7,0.015003486
7,0.014535596
7,0.014452927
5,0.028155088
6,0.015856183
7,0.014144103
7,0.014731344
7,0.014692819
7,0.014798818
Valor final:
5,0.160022042

CMPLIB2010/small/p19_16_19:
7,0.013998024
7,0.013171054
6,0.019525626
6,0.014491830
6,0.015026651
5,0.019827992
5,0.028239227
6,0.013775067
6,0.016468255
6,0.019909353
Valor final:
5,0.174517588

CMPLIB2010/small/p20_16_18:
6,0.012301314
6,0.016589294
6,0.016646920
6,0.016887166
6,0.014051467
6,0.018524796
6,0.015704583
6,0.014867987
6,0.015512007
5,0.019651285
Valor final:
5,0.160855751

CMPLIB2010/small/p21_17_20:
6,0.022684834
6,0.014827981
7,0.014675115
6,0.026549620
6,0.032625330
6,0.014523991
6,0.023752451
7,0.015499310
5,0.015205586
6,0.025326584
Valor final:
5,0.205769552

CMPLIB2010/small/p23_17_23:
6,0.022555085
6,0.018747762
6,0.017073567
7,0.017030141
6,0.017503431
7,0.017851437
6,0.026372252
6,0.016187332
6,0.016094499
6,0.016351925
Valor final:
6,0.185859571

CMPLIB2010/small/p24_17_29:
9,0.019837755
10,0.019522935
10,0.018323295
10,0.018642117
10,0.019200975
10,0.019391954
10,0.018363038
10,0.019918856
10,0.019039608
10,0.018440520
Valor final:
9,0.190777155

CMPLIB2010/small/p40_18_32:
9,0.020536876
9,0.020464537
8,0.024269760
9,0.020587807
9,0.020509770
9,0.020419372
9,0.021167672
9,0.021959346
9,0.020462065
9,0.020437857
Valor final:
8,0.210907403

CMPLIB2010/small/p41_19_20:
4,0.014153160
4,0.014136983
4,0.014943926
4,0.014745697
4,0.014092970
4,0.014393740
4,0.014158854
4,0.014885003
4,0.015074582
4,0.014094140
Valor final:
4,0.144767358

CMPLIB2010/small/p42_19_24:
8,0.016443521
7,0.019073644
8,0.016843077
8,0.016498881
8,0.016457004
7,0.023923259
7,0.021585551
8,0.016961605
7,0.021404874
8,0.017689271
Valor final:
7,0.186989523

CMPLIB2010/small/p60_20_22:
6,0.016511947
6,0.017394461
6,0.017502713
6,0.017497519
5,0.024321968
6,0.018002466
6,0.018098252
6,0.019140612
5,0.034827213
5,0.034130554
Valor final:
5,0.217533793

CMPLIB2010/small/p61_21_22:
6,0.018196964
5,0.026905914
6,0.018003337
5,0.022424542
5,0.034761168
6,0.018764460
6,0.017892516
6,0.017949934
6,0.019644822
6,0.018175084
Valor final:
5,0.212807712

CMPLIB2010/small/p62_21_30:
11,0.024756839
10,0.027560063
11,0.033517052
11,0.023311609
11,0.023282308
9,0.023212269
11,0.030172420
9,0.030507055
11,0.038527015
9,0.059678031
Valor final:
9,0.314638522

CMPLIB2010/small/p63_21_42:
15,0.044702514
13,0.060298722
15,0.036866635
14,0.050595598
14,0.055689776
16,0.034164270
14,0.064658965
13,0.059781271
16,0.031551615
16,0.031715551
Valor final:
13,0.470200593

CMPLIB2010/small/p64_21_22:
7,0.025954387
7,0.022803887
7,0.040787654
7,0.030230116
8,0.021966580
8,0.022372925
7,0.020378703
6,0.027398702
7,0.029325268
6,0.033298610
Valor final:
6,0.274712651

CMPLIB2010/small/p70_21_25:
7,0.020581670
7,0.020062390
7,0.020110232
7,0.020033025
6,0.031230676
7,0.019984409
6,0.028680756
7,0.020041376
7,0.019880677
7,0.020399543
Valor final:
6,0.221215124

CMPLIB2010/small/p71_22_29:
6,0.023295029
6,0.023247613
6,0.023203445
6,0.023340285
6,0.023150148
6,0.023869433
6,0.023114840
6,0.023147877
6,0.023281644
6,0.023281393
Valor final:
6,0.233133268

CMPLIB2010/small/p72_22_49:
19,0.038254273
18,0.044688033
17,0.040667617
17,0.045776598
18,0.036798441
18,0.038927960
19,0.038408538
18,0.053408303
19,0.040204109
19,0.037914063
Valor final:
17,0.415269048

CMPLIB2010/small/p73_22_29:
9,0.027134500
7,0.036196590
7,0.033307500
9,0.025983453
8,0.050671664
8,0.056477470
7,0.046225440
9,0.024637086
9,0.028519583
8,0.031950326
Valor final:
7,0.361238042

CMPLIB2010/small/p74_22_30:
8,0.043067597
8,0.037482819
8,0.026693601
9,0.037095501
8,0.040188608
8,0.058172709
9,0.038734332
8,0.026620135
8,0.029781838
10,0.024071978
Valor final:
8,0.362037428

CMPLIB2010/small/p80_22_30:
8,0.023753131
8,0.023870585
8,0.023821269
8,0.024075210
8,0.024709314
8,0.023783758
8,0.023836586
8,0.023904477
8,0.024221440
8,0.023876335
Valor final:
8,0.239985284

CMPLIB2010/small/p81_23_46:
18,0.051457774
17,0.039027297
18,0.061623437
18,0.050912982
18,0.053118893
19,0.040509475
18,0.047004816
17,0.070701464
18,0.035549477
17,0.069557544
Valor final:
17,0.519683662

CMPLIB2010/small/p82_23_24:
6,0.020046577
6,0.021308165
6,0.020035419
6,0.020042012
5,0.025280293
6,0.020125421
6,0.020156546
6,0.020209635
6,0.019086217
6,0.017988090
Valor final:
5,0.204463210

CMPLIB2010/small/p99_24_27:
7,0.020156306
7,0.020217220
7,0.020234206
7,0.020211830
7,0.020375535
6,0.025400082
6,0.021584935
7,0.020878914
6,0.024028269
7,0.020313038
Valor final:
6,0.213549092

CMPLIB2010/small/p100_24_34:
12,0.029682795
12,0.033090071
12,0.026068379
11,0.026570250
13,0.024878934
12,0.040473048
11,0.044437668
11,0.035759985
12,0.038910128
12,0.036845952
Valor final:
11,0.336894553

CMPLIB2010/harwellboeing/494_bus.mtx.rnd:
39,2.670064973
39,2.913091729
39,2.856986381
39,2.680716801
39,2.979787817
39,2.834767228
39,2.711148112
39,2.987577830
39,2.756461900
39,2.773470672
Valor final:
39,28.165767989

CMPLIB2010/harwellboeing/662_bus.mtx.rnd:
67,5.689395573
67,5.766555276
67,5.538925550
67,5.567562013
66,8.388806501
67,5.752244358
66,8.816607185
67,5.774361364
67,5.532622343
67,5.610738181
Valor final:
66,62.441454955

CMPLIB2010/harwellboeing/arc130.mtx.rnd:
288,3.958664805
325,1.427713104
274,5.273622225
325,1.502226100
276,8.882394340
324,1.419872151
325,1.329743070
302,5.319640891
325,1.339704914
301,2.521638308
Valor final:
274,32.976308240

CMPLIB2010/harwellboeing/ash292.mtx.rnd:
177,4.275263587
178,3.086851016
178,3.400791002
177,5.205401061
178,3.474007756
178,3.141775551
178,3.328726003
174,4.672748510
175,4.852621165
178,3.157008761
Valor final:
174,38.597335892

CMPLIB2010/harwellboeing/bcspwr01.mtx.rnd:
9,0.042180478
9,0.042315860
9,0.042047126
9,0.042313816
9,0.042335120
9,0.042552950
9,0.042376415
9,0.042411332
9,0.042392460
9,0.042306848
Valor final:
9,0.423438673

CMPLIB2010/harwellboeing/bcspwr05.mtx.rnd:
40,2.732315675
40,2.749816509
40,2.513063230
40,2.733989777
40,2.736810229
40,2.515975904
40,2.743516529
40,2.751170170
40,2.517248543
40,2.727814579
Valor final:
40,26.723325260

CMPLIB2010/harwellboeing/bcsstk01.mtx.rnd:
53,0.326954753
54,0.186573875
50,0.328178038
51,0.315476615
50,0.197938736
51,0.395594313
53,0.315004611
54,0.167209430
54,0.166583120
52,0.250060339
Valor final:
50,2.649875109

CMPLIB2010/harwellboeing/bcsstk02.mtx.rnd:
1089,2.426271232
1089,2.595444919
1089,2.680410997
1089,2.426862758
1089,2.561259644
1089,2.713307711
1089,2.431053753
1089,2.525316589
1089,2.715649998
1089,2.465959939
Valor final:
1089,25.543351955

CMPLIB2010/harwellboeing/bcsstk04.mtx.rnd:
600,4.992772526
601,9.489880608
605,5.984313006
610,6.358179049
605,6.830817057
612,5.271629470
606,3.739353858
601,6.852011306
614,3.592813012
593,15.901572463
Valor final:
593,69.015513140

CMPLIB2010/harwellboeing/bcsstk20.mtx.rnd:
120,10.604861757
127,8.745558388
129,8.306719516
130,5.877384488
127,6.117020496
123,11.163574465
121,17.463970884
129,7.233666262
130,5.887479331
121,17.132100892
Valor final:
120,98.535846458

CMPLIB2010/harwellboeing/bcsstk22.mtx.rnd:
38,0.398792370
38,0.398085006
38,0.400253309
38,0.400467252
36,0.482471609
36,0.666810926
38,0.449362970
38,0.444426590
37,0.670095349
38,0.444503096
Valor final:
36,4.755684093

CMPLIB2010/harwellboeing/can__144.mtx.rnd:
133,1.548163116
125,2.276589674
121,2.011027520
126,3.483878805
129,1.644832976
118,3.221333513
131,1.815956349
116,3.321525965
124,2.862521937
129,1.648174817
Valor final:
116,23.834892850

CMPLIB2010/harwellboeing/can__161.mtx.rnd:
101,1.425751963
101,1.311423771
101,1.271749672
101,1.276334238
98,2.614902813
101,1.424562720
99,2.528069942
101,1.275653588
95,3.218624252
99,1.840586618
Valor final:
95,18.188601950

CMPLIB2010/harwellboeing/curtis54.mtx.rnd:
27,0.130564390
27,0.130353608
27,0.130909807
27,0.130126713
26,0.162778345
27,0.130054724
26,0.236714339
27,0.130002791
27,0.130704438
27,0.130223653
Valor final:
26,1.442615020

CMPLIB2010/harwellboeing/lund_a.mtx.rnd:
203,2.259123097
203,2.521382298
203,2.379687736
203,2.247374607
199,4.781889339
203,2.251461874
201,3.242362838
203,2.508292289
203,2.254063394
203,2.317413168
Valor final:
199,26.764398366

CMPLIB2010/harwellboeing/mcca.mtx.rnd:
638,5.519227203
636,4.696039094
634,5.876021087
638,5.273609413
633,6.335248806
628,8.104806386
639,5.619607752
640,4.177753703
624,6.318177963
628,11.821949763
Valor final:
624,63.745370292

CMPLIB2010/harwellboeing/nnc261.mtx.rnd:
139,2.682589612
139,2.506659528
138,2.698523478
138,3.010783618
139,2.486760822
139,2.403650128
139,2.687223931
139,2.539715557
139,2.396210579
139,2.645593843
Valor final:
138,26.059331929

CMPLIB2010/harwellboeing/nos5.mtx.rnd:
386,11.859514331
386,11.960337260
386,11.896999895
379,29.955200262
386,11.671670424
386,12.134070322
386,11.754131016
381,16.352660605
386,12.152009481
386,11.762023692
Valor final:
379,141.505929729

CMPLIB2010/harwellboeing/nos6.mtx.rnd:
91,8.205549038
91,8.252822904
91,8.224329834
91,8.202670418
91,8.234039389
91,8.256483904
91,8.203312455
91,8.270928696
91,8.224435906
91,8.236848545
Valor final:
91,82.315929688

CMPLIB2010/harwellboeing/plat362.mtx.rnd:
308,10.906699191
308,10.700870290
308,10.961068307
308,10.828077452
308,10.681309396
308,11.032167644
308,10.839997984
308,10.808170319
308,10.968721949
308,10.674315684
Valor final:
308,108.407745554

CMPLIB2010/harwellboeing/plskz362.mtx.rnd:
96,3.439418125
96,3.452180751
96,3.319811789
94,4.829062773
96,3.316898671
96,3.581419528
96,3.249954171
96,3.559233673
96,3.362759564
96,3.456179784
Valor final:
94,35.568728381

CMPLIB2010/harwellboeing/shl__200.mtx.rnd:
567,37.017073817
569,17.385992913
569,20.777232102
565,28.618205081
568,28.932600216
569,13.267747636
570,13.113945636
570,13.153435947
570,13.260213801
570,13.260676566
Valor final:
565,198.795873208

CMPLIB2010/harwellboeing/shl__400.mtx.rnd:
555,13.145882429
542,79.832358482
547,17.112347163
554,17.116844737
555,13.166482911
552,13.847120468
555,12.943539743
549,37.947394035
555,13.007924329
553,21.002779205
Valor final:
542,239.131367636

CMPLIB2010/harwellboeing/str__200.mtx.rnd:
800,40.895449019
815,39.162236779
818,17.008214949
807,28.212946072
811,28.063266872
794,30.506384752
794,16.056241368
807,31.291346326
818,17.681381278
794,27.361882671
Valor final:
794,276.247157009

CMPLIB2010/harwellboeing/str__600.mtx.rnd:
780,14.635775112
780,14.701202541
780,14.770756986
780,14.842284239
780,14.863184449
780,14.843877702
771,24.054497023
776,22.045781981
780,14.707719671
780,14.757991403
Valor final:
771,164.232540614

CMPLIB2010/harwellboeing/will199.mtx.rnd:
190,4.237588157
196,2.992227807
198,2.031364117
197,2.617637200
199,1.744693171
198,1.711057366
198,3.586115604
196,3.236685477
199,1.704876262
195,4.692426814
Valor final:
190,28.555882220

CMPLIB2010/harwellboeing/will57.mtx.rnd:
27,0.134192790
27,0.134389506
24,0.192405230
26,0.192215424
22,0.226287169
23,0.176550843
27,0.134380256
27,0.133755898
26,0.142334203
27,0.133940414
Valor final:
22,1.600708954

CMPLIB2010/grids/Grid12x3:
12,0.082791254
14,0.048905170
12,0.049379373
13,0.049024973
13,0.095000383
12,0.091846036
14,0.048776058
12,0.073293521
14,0.048713131
12,0.085504798
Valor final:
12,0.673430225

CMPLIB2010/grids/Grid12x6:
29,0.156701731
28,0.226442952
29,0.157313087
29,0.156704434
28,0.166436536
29,0.156641558
28,0.195934681
29,0.156951115
28,0.294446775
29,0.175835536
Valor final:
28,1.843685431

CMPLIB2010/grids/Grid12x9:
29,0.346469532
29,0.350558451
29,0.349106862
28,0.352162837
29,0.348774581
27,0.415326399
28,0.680116208
29,0.349709306
29,0.350838653
28,0.538500703
Valor final:
27,4.081941861

CMPLIB2010/grids/Grid15x12:
46,0.745505997
46,0.745432035
46,0.749882110
46,0.746526090
44,0.845058114
46,0.549450510
46,0.546415834
46,0.550984970
44,0.844982957
42,0.786758874
Valor final:
42,7.111623947

CMPLIB2010/grids/Grid15x15:
62,0.790306952
64,0.782367247
63,1.381512655
65,0.744962155
65,0.772712327
65,0.939291147
65,0.868094326
65,1.247211813
65,1.226550802
65,1.129872497
Valor final:
62,9.883569609

CMPLIB2010/grids/Grid15x18:
57,1.532580527
57,1.612446301
57,1.710411030
57,1.718862259
57,1.527787789
57,1.549861586
57,1.610692769
53,1.835490595
57,1.696702227
57,1.543902265
Valor final:
53,16.339765402

CMPLIB2010/grids/Grid18x21:
60,2.824186556
60,3.090520485
60,2.817286589
60,2.922465531
60,2.976697433
60,2.723820584
60,2.960606923
60,2.918261171
60,2.734006866
60,3.022219363
Valor final:
60,28.991702502

CMPLIB2010/grids/Grid21x24:
80,4.681735687
80,4.969919113
80,4.689762885
80,4.869768446
80,4.872716210
80,4.680603787
80,4.972144434
80,4.704625982
78,7.525430402
80,4.905506004
Valor final:
78,50.875169670

CMPLIB2010/grids/Grid24x27:
106,7.629221065
106,7.645003227
106,7.691715168
106,7.628177061
106,7.658590399
106,7.652694680
106,7.618398861
105,14.799750773
106,7.621262661
106,7.637902889
Valor final:
105,83.586950247

CMPLIB2010/grids/Grid27x24:
109,7.595824014
109,7.635847478
109,7.659156289
109,7.661683317
109,7.672491614
109,7.696756930
109,7.652831707
109,7.656805176
109,7.694886067
109,7.673219465
Valor final:
109,76.604211186

CMPLIB2010/grids/Grid27x27:
99,9.310242661
99,9.474326127
99,9.481236230
98,17.721275686
99,9.294783664
97,14.754548480
99,9.375083705
99,9.350450265
99,9.385524094
99,9.526013047
Valor final:
97,107.678687053

CMPLIB2010/grids/Grid3x3:
4,0.012534884
4,0.012073503
4,0.009776964
4,0.008937495
4,0.009437638
4,0.010231617
4,0.008829476
4,0.008635316
4,0.009236465
4,0.008814548
Valor final:
4,0.098622146

CMPLIB2010/grids/Grid6x6:
15,0.104246190
15,0.064513271
15,0.061091945
16,0.071962375
17,0.057400848
14,0.057346285
16,0.100158473
16,0.064743295
15,0.064403309
16,0.068201596
Valor final:
14,0.714302191

CMPLIB2010/grids/Grid6x9:
17,0.109267883
16,0.149895207
17,0.109254706
17,0.109062038
17,0.109211393
17,0.108994067
17,0.108942290
17,0.108479438
17,0.109206523
17,0.109558788
Valor final:
16,1.132117427

CMPLIB2010/grids/Grid9x18:
36,0.623047913
36,0.615358620
36,0.617936913
35,0.850333418
36,0.617621557
36,0.618744397
36,0.678033620
36,0.688204204
36,0.688279620
36,0.683572074
Valor final:
35,6.681633463

