CMPLIB2010/small/p17_16_24:
8,0.140535
8,0.153068177
8,0.163233393
8,0.156777612
8,0.169929708
8,0.147064997
8,0.144780121
8,0.167649982
8,0.154948985
8,0.236420772
Valor final:
8,1.634672455

CMPLIB2010/small/p18_16_21:
7,0.131587891
7,0.124443385
7,0.131652622
7,0.131145470
7,0.128391922
7,0.134579012
6,0.153077181
7,0.126095686
7,0.135377855
6,0.125336913
Valor final:
6,1.321926749

CMPLIB2010/small/p19_16_19:
6,0.122107275
6,0.124050721
6,0.130655434
6,0.128717576
6,0.121529470
5,0.169326461
6,0.118929123
6,0.125557855
6,0.135473556
6,0.130772972
Valor final:
5,1.307355309

CMPLIB2010/small/p20_16_18:
6,0.100384673
6,0.104955856
6,0.104981913
6,0.100955193
6,0.106950705
6,0.128332699
5,0.203627221
5,0.130294520
6,0.120389816
6,0.100357742
Valor final:
5,1.201450473

CMPLIB2010/small/p21_17_20:
5,0.111756423
6,0.155324076
6,0.231412085
7,0.112319362
6,0.123804513
6,0.140613429
6,0.158500928
6,0.116804788
6,0.133203995
6,0.115458001
Valor final:
5,1.399423399

CMPLIB2010/small/p23_17_23:
6,0.133575218
7,0.128939776
7,0.147233982
7,0.129513037
6,0.154685301
6,0.132770533
7,0.134231221
7,0.139770110
6,0.135414526
6,0.138975587
Valor final:
6,1.375351204

CMPLIB2010/small/p24_17_29:
10,0.180120469
9,0.336838729
10,0.181832398
10,0.182655768
10,0.181170024
9,0.192445528
10,0.180027813
9,0.200766783
10,0.181033886
10,0.174820073
Valor final:
9,1.991960414

CMPLIB2010/small/p40_18_32:
9,0.188479619
9,0.187066473
9,0.183521096
8,0.185837239
9,0.187277626
8,0.219383394
9,0.180233496
9,0.194882049
8,0.191444392
9,0.189290671
Valor final:
8,1.907657881

CMPLIB2010/small/p41_19_20:
4,0.129047197
4,0.116917074
4,0.113409986
4,0.109630896
4,0.112423582
4,0.112295323
4,0.111123085
4,0.117968142
4,0.111288081
4,0.115177106
Valor final:
4,1.149522239

CMPLIB2010/small/p42_19_24:
7,0.155359075
7,0.204295278
6,0.159225397
6,0.157144716
6,0.139301931
6,0.154564207
7,0.158228877
7,0.140718378
6,0.153342928
6,0.135209598
Valor final:
6,1.557620484

CMPLIB2010/small/p60_20_22:
5,0.131397132
6,0.127234418
6,0.127830312
6,0.132320755
5,0.137480581
5,0.130442464
6,0.130620104
6,0.133262858
5,0.120297357
6,0.127574924
Valor final:
5,1.298689451

CMPLIB2010/small/p61_21_22:
4,0.152322473
5,0.221338161
6,0.149264288
5,0.180083244
4,0.201543507
6,0.152609450
6,0.142992083
6,0.155791952
4,0.202677407
4,0.183495058
Valor final:
4,1.742360452

CMPLIB2010/small/p62_21_30:
10,0.234121080
10,0.203903658
9,0.243195799
10,0.219165059
9,0.274248321
9,0.194720029
10,0.234252362
10,0.212516551
10,0.237923279
11,0.214023482
Valor final:
9,2.268318835

CMPLIB2010/small/p63_21_42:
16,0.254142497
14,0.255078071
13,0.235964098
14,0.257278646
13,0.241146126
14,0.287979141
14,0.320776241
13,0.258726165
14,0.291511218
14,0.323533366
Valor final:
13,2.726379911

CMPLIB2010/small/p64_21_22:
6,0.145160671
6,0.187655200
7,0.142081793
7,0.132035901
6,0.257607627
7,0.158810727
6,0.148593784
7,0.143893675
7,0.159021537
7,0.157046384
Valor final:
6,1.632144302

CMPLIB2010/small/p70_21_25:
7,0.165705855
7,0.168110932
7,0.153939871
7,0.156760689
7,0.165305379
7,0.161224599
7,0.158224933
6,0.155912636
7,0.162388316
7,0.166371103
Valor final:
6,1.614188483

CMPLIB2010/small/p71_22_29:
6,0.198567278
6,0.190398919
6,0.190874410
6,0.183048538
6,0.183481991
6,0.199978124
6,0.187367847
6,0.187955549
6,0.174290846
6,0.190936172
Valor final:
6,1.887145659

CMPLIB2010/small/p72_22_49:
18,0.329819745
18,0.276062382
18,0.315157881
18,0.292866917
17,0.428320813
17,0.314890036
18,0.311605997
18,0.302920250
18,0.293593407
18,0.265300188
Valor final:
17,3.130757913

CMPLIB2010/small/p73_22_29:
6,0.237896756
8,0.171680719
8,0.176500419
9,0.178427058
8,0.175028845
8,0.196699516
8,0.210176547
7,0.287359851
8,0.193589668
6,0.244940117
Valor final:
6,2.072495512

CMPLIB2010/small/p74_22_30:
10,0.199559335
9,0.203095331
9,0.200980756
10,0.190297796
8,0.249142815
8,0.214068021
8,0.189239753
9,0.180424822
9,0.198754317
9,0.181011024
Valor final:
8,2.006780038

CMPLIB2010/small/p80_22_30:
8,0.202077650
8,0.194134661
8,0.187811288
8,0.197607457
8,0.199953482
8,0.183919992
8,0.170847220
8,0.171331600
8,0.172536054
8,0.171657459
Valor final:
8,1.852091038

CMPLIB2010/small/p81_23_46:
15,0.298745289
16,0.364836116
15,0.449669173
15,0.432717834
16,0.304964789
15,0.354245428
17,0.331695683
16,0.384482901
17,0.347527226
16,0.294610438
Valor final:
15,3.563718380

CMPLIB2010/small/p82_23_24:
6,0.156910655
6,0.155758531
6,0.152578903
6,0.163193601
5,0.164692886
6,0.155518940
6,0.157960302
6,0.155902298
6,0.152805844
6,0.156472241
Valor final:
5,1.571989462

CMPLIB2010/small/p99_24_27:
7,0.175741508
6,0.187212477
6,0.173204558
6,0.197308570
6,0.197360936
7,0.175284190
6,0.202673855
5,0.193461715
7,0.175184150
5,0.265430689
Valor final:
5,1.943063623

CMPLIB2010/small/p100_24_34:
11,0.235193856
10,0.316825251
10,0.257815418
11,0.242874353
10,0.232498838
12,0.212524134
11,0.244900814
10,0.285198123
11,0.246880732
11,0.317406485
Valor final:
10,2.592321437

CMPLIB2010/harwellboeing/494_bus.mtx.rnd:
39,18.092961291
39,18.238528854
39,18.112674086
39,17.962487936
39,18.102870350
39,18.240463663
39,18.031559889
39,18.028014188
39,18.224919628
39,18.242414487
Valor final:
39,181.278567321

CMPLIB2010/harwellboeing/662_bus.mtx.rnd:
67,35.779819368
67,36.157285847
66,40.307457434
67,35.814001146
66,42.158053883
67,32.491387537
67,23.091127030
67,23.188641659
67,23.126165296
67,23.169080645
Valor final:
66,315.286511345

CMPLIB2010/harwellboeing/arc130.mtx.rnd:
249,19.816493556
247,21.489813323
273,13.251614312
270,15.528272192
273,11.952926630
254,20.227995464
270,12.207136822
254,18.553487503
295,10.130444570
247,40.277317485
Valor final:
247,183.436297431

CMPLIB2010/harwellboeing/ash292.mtx.rnd:
175,20.516994037
176,15.281113926
178,13.371689688
178,13.958422599
177,17.959209254
177,14.948398433
178,13.512564529
178,13.332835828
176,19.499935018
178,13.334649773
Valor final:
175,155.717140085

CMPLIB2010/harwellboeing/bcspwr01.mtx.rnd:
9,0.224908312
9,0.215738519
9,0.214292558
9,0.222655099
9,0.224337406
9,0.220053039
9,0.218417008
9,0.219515553
8,0.221826497
9,0.217880749
Valor final:
8,2.199913362

CMPLIB2010/harwellboeing/bcspwr05.mtx.rnd:
40,10.869690347
40,10.972106484
40,11.155052747
40,10.820368892
40,11.088545404
40,11.004461637
40,10.879157624
40,11.167835454
40,10.888704502
40,11.037281067
Valor final:
40,109.884427264

CMPLIB2010/harwellboeing/bcsstk01.mtx.rnd:
50,1.147811139
54,0.814332151
48,1.074662767
49,1.031767547
51,1.034146813
47,0.764096395
50,1.269589177
53,0.869384885
53,0.835698390
49,1.085258355
Valor final:
47,9.927073652

CMPLIB2010/harwellboeing/bcsstk02.mtx.rnd:
1089,10.540418258
1089,10.538918217
1089,10.761155818
1089,10.558815748
1089,10.494853780
1089,10.761403680
1089,10.598913329
1089,10.495307146
1089,10.793762786
1089,10.598171688
Valor final:
1089,106.143108197

CMPLIB2010/harwellboeing/bcsstk04.mtx.rnd:
590,20.580325870
582,32.679257042
550,34.695319100
559,35.207140684
591,24.738557514
590,19.187117454
595,23.872826616
581,36.211081551
582,29.075382345
613,16.026857665
Valor final:
550,272.275364641

CMPLIB2010/harwellboeing/bcsstk20.mtx.rnd:
124,39.116000523
114,51.376205086
121,32.921344818
110,44.199546319
115,37.942124150
122,35.831070072
130,23.982798286
121,24.760253321
116,46.739840157
128,27.673930640
Valor final:
110,364.545576491

CMPLIB2010/harwellboeing/bcsstk22.mtx.rnd:
36,2.024438773
37,2.429215678
38,1.697141438
38,1.889692655
37,1.998144526
36,1.773275031
37,2.098379756
37,2.362057708
37,2.433302454
38,1.693104844
Valor final:
36,20.399153875

CMPLIB2010/harwellboeing/can__144.mtx.rnd:
122,8.016579754
109,8.445718634
121,6.573421301
114,9.514814036
122,6.356172820
114,6.428201680
120,6.665770867
117,10.450724897
118,11.710004300
120,7.115309462
Valor final:
109,81.277362521

CMPLIB2010/harwellboeing/can__161.mtx.rnd:
97,6.007805700
101,5.550415032
101,5.386644113
101,5.646322861
101,5.616842226
101,5.396908144
99,6.193235106
101,5.686767917
101,5.480034908
101,5.434410252
Valor final:
97,56.400066085

CMPLIB2010/harwellboeing/curtis54.mtx.rnd:
26,0.647066966
26,0.778754242
27,0.614524376
26,0.685246992
27,0.619824466
26,0.694224986
27,0.589577506
27,0.546673277
27,0.554669092
27,0.552799355
Valor final:
26,6.283694854

CMPLIB2010/harwellboeing/lund_a.mtx.rnd:
199,15.127045974
203,9.641847563
195,12.625643465
203,9.738449872
200,10.828571782
203,9.795781742
203,9.853465128
199,14.772155675
203,9.877273634
203,9.633721171
Valor final:
195,111.895045598

CMPLIB2010/harwellboeing/mcca.mtx.rnd:
584,56.126291275
587,35.872311287
629,20.819403052
596,54.811777146
624,18.545468809
559,59.717695215
563,57.620492314
588,49.410061970
618,28.666748734
555,36.605532843
Valor final:
555,418.197576258

CMPLIB2010/harwellboeing/nnc261.mtx.rnd:
139,10.444350085
134,15.270332656
135,15.566074285
138,12.937821271
138,13.888483413
139,10.214146525
137,15.634324598
139,10.211947522
139,10.415253065
139,10.438308708
Valor final:
134,125.022134042

CMPLIB2010/harwellboeing/nos5.mtx.rnd:
384,52.543855735
379,67.213966491
384,71.943600049
377,60.634760210
386,48.338720635
385,62.650218427
380,59.725879498
386,48.351485806
374,68.612950764
379,62.528293139
Valor final:
374,602.547942584

CMPLIB2010/harwellboeing/nos6.mtx.rnd:
91,33.509179731
91,33.631754559
91,33.661047410
91,33.516976345
91,33.447626008
91,33.525693988
91,33.570175331
91,33.721025833
91,33.597810812
91,33.445122170
Valor final:
91,335.629635623

CMPLIB2010/harwellboeing/plat362.mtx.rnd:
308,44.326751760
308,44.315489109
308,44.374715031
308,44.295545555
308,44.630156891
308,44.186176770
308,44.636546523
308,44.180789567
308,44.484523951
308,44.228192230
Valor final:
308,443.662613019

CMPLIB2010/harwellboeing/plskz362.mtx.rnd:
96,14.046106372
96,14.169315241
96,14.062591574
91,17.250932625
96,13.996290727
96,13.949680843
96,14.132957712
96,14.188537435
95,15.470096764
96,13.946631598
Valor final:
91,145.214601187

CMPLIB2010/harwellboeing/shl__200.mtx.rnd:
554,152.623756975
558,89.923906618
545,136.598441032
568,61.020994278
569,53.560100036
549,190.257010837
560,127.946572687
561,113.786501881
554,104.010444454
563,68.235900501
Valor final:
545,1097.969121078

CMPLIB2010/harwellboeing/shl__400.mtx.rnd:
553,68.689045631
552,54.983617176
555,52.584417265
538,141.401387610
523,235.359202924
551,76.158507721
540,120.379880013
544,146.791311166
548,82.938976054
533,165.661535606
Valor final:
523,1144.953309032

CMPLIB2010/harwellboeing/str__200.mtx.rnd:
811,60.873313411
793,102.075315456
785,78.536852622
808,77.354961500
783,74.240487417
799,100.481003010
819,57.330809211
794,96.543441235
803,61.784005972
791,110.092423434
Valor final:
783,819.318067412

CMPLIB2010/harwellboeing/str__600.mtx.rnd:
780,59.714233562
780,59.921771605
767,130.242486251
780,59.995453205
762,134.986840209
771,68.188951977
771,96.532855048
780,59.908364974
776,75.216036692
777,76.945215164
Valor final:
762,821.657568842

CMPLIB2010/harwellboeing/will199.mtx.rnd:
193,11.565836971
194,10.590198654
195,11.674073316
196,8.473220188
194,11.936987304
190,11.190087272
194,9.059722702
189,11.237375186
197,7.807690475
197,9.089905473
Valor final:
189,102.625978370

CMPLIB2010/harwellboeing/will57.mtx.rnd:
26,0.771131086
27,0.643712865
27,0.641861075
22,1.024206290
25,0.874888498
24,0.608355969
25,0.690941377
26,0.583426627
25,0.787320404
26,0.817476187
Valor final:
22,7.443482148

CMPLIB2010/grids/Grid12x3:
14,0.256663915
12,0.253846817
14,0.254077877
13,0.286494380
13,0.272607822
14,0.263537313
13,0.264587968
13,0.262382397
12,0.289200964
14,0.255698177
Valor final:
12,2.659199902

CMPLIB2010/grids/Grid12x6:
28,1.044387823
26,0.812343583
27,0.740460719
26,0.926805366
29,0.668650381
28,0.738771118
29,0.698426159
27,0.912009649
29,0.745914799
29,0.745101115
Valor final:
26,8.033053239

CMPLIB2010/grids/Grid12x9:
28,1.821010803
29,1.312877769
28,1.891518583
29,1.435428030
27,1.579786780
29,1.444147947
29,1.311867811
29,1.308417825
29,1.324427313
28,1.498013211
Valor final:
27,14.927764854

CMPLIB2010/grids/Grid15x12:
46,3.345817208
42,5.165917698
43,5.453124558
46,3.421630815
46,3.203656895
44,4.170891990
43,5.012747000
46,3.387980297
45,5.981571914
44,4.229411829
Valor final:
42,43.373205809

CMPLIB2010/grids/Grid15x15:
64,5.936466640
65,4.740023847
62,5.919002848
63,5.967084893
61,5.676962743
63,6.403652135
65,5.054766383
59,7.674646250
62,5.853292247
63,4.839106473
Valor final:
59,58.065573432

CMPLIB2010/grids/Grid15x18:
57,6.685950752
53,7.988271862
56,9.324924149
57,6.683151664
57,6.695712601
57,6.588254833
57,6.526280657
57,6.543776108
55,7.755205284
57,6.715621498
Valor final:
53,71.507829640

CMPLIB2010/grids/Grid18x21:
60,11.918162577
60,11.801016121
60,11.900708646
60,11.858239058
60,11.803304704
60,11.887656772
60,11.774620774
60,11.953212257
60,11.711350705
60,11.966981261
Valor final:
60,118.576361313

CMPLIB2010/grids/Grid21x24:
79,21.332983732
80,19.779596338
80,19.765589652
80,19.822663866
80,19.700130445
80,19.908348611
80,19.647768794
80,19.894182704
80,19.640528112
80,20.013546129
Valor final:
79,199.507086563

CMPLIB2010/grids/Grid24x27:
106,31.330035485
104,45.902807620
106,31.246562457
106,31.246794133
106,31.360671691
106,31.299551900
106,31.326015696
106,31.331742138
104,38.101460994
106,31.255233930
Valor final:
104,334.403593844

CMPLIB2010/grids/Grid27x24:
109,31.266023354
109,31.324498000
109,31.380453243
109,31.358247216
106,33.627262830
109,31.351364455
109,31.352746286
109,31.420106314
107,31.670455095
109,31.442987527
Valor final:
106,316.197163100

CMPLIB2010/grids/Grid27x27:
98,60.639642076
99,38.335111838
97,45.699081817
99,38.610679891
98,39.014523232
99,38.519580434
99,38.324860446
99,38.437688129
99,38.589394813
99,38.595598860
Valor final:
97,414.769487409

CMPLIB2010/grids/Grid3x3:
4,0.042537882
4,0.042302824
4,0.040424847
4,0.042631681
4,0.043743395
4,0.042203403
4,0.041458780
4,0.044086636
4,0.043566203
4,0.040503844
Valor final:
4,0.423496890

CMPLIB2010/grids/Grid6x6:
15,0.266104319
15,0.308717418
15,0.247968527
16,0.269827491
15,0.314561100
15,0.255298428
14,0.270321991
15,0.278629133
14,0.380849719
16,0.292268973
Valor final:
14,2.884623020

CMPLIB2010/grids/Grid6x9:
17,0.468239888
17,0.467529738
17,0.466376522
17,0.467959154
17,0.464924201
17,0.468164428
16,0.535324823
17,0.463865485
17,0.420154006
17,0.418515909
Valor final:
16,4.641165279

CMPLIB2010/grids/Grid9x18:
36,2.563086871
35,3.312426279
36,2.693662670
36,2.565104685
36,2.866055927
36,2.687385823
36,2.590513543
36,2.861205362
36,2.665999547
36,2.599696557
Valor final:
35,27.405498143

