CMPLIB2010/small/p17_16_24:
8,0.044156
8,0.040616793
8,0.055947544
9,0.039114350
8,0.036739381
8,0.059673019
8,0.039962271
8,0.040215581
8,0.055473112
8,0.041064266
Valor final:
8,0.453081162

CMPLIB2010/small/p18_16_21:
6,0.052719091
7,0.035096313
7,0.035964480
6,0.055812288
7,0.037005108
6,0.035170274
7,0.033739038
7,0.039702922
7,0.036849070
7,0.034102682
Valor final:
6,0.396305658

CMPLIB2010/small/p19_16_19:
6,0.036108943
6,0.049171757
6,0.034191161
6,0.033930553
6,0.046929597
6,0.040357364
6,0.041315244
6,0.033672273
6,0.036494635
6,0.033144746
Valor final:
6,0.385412609

CMPLIB2010/small/p20_16_18:
5,0.053959148
6,0.036006817
5,0.049248426
6,0.036992003
6,0.036022999
6,0.030486455
5,0.048162579
6,0.029190658
6,0.032983911
5,0.057790752
Valor final:
5,0.410993152

CMPLIB2010/small/p21_17_20:
7,0.039355838
7,0.036116662
6,0.038682082
6,0.043560644
6,0.037269648
6,0.040351444
6,0.050732189
6,0.039868902
6,0.038227027
6,0.069756067
Valor final:
6,0.434135150

CMPLIB2010/small/p23_17_23:
6,0.046258332
6,0.087332461
6,0.053787802
6,0.039780203
6,0.040764223
6,0.047297373
6,0.051111766
6,0.052874395
6,0.039829970
7,0.039750098
Valor final:
6,0.498973232

CMPLIB2010/small/p24_17_29:
10,0.049614079
10,0.049032348
10,0.050377007
10,0.047278072
10,0.049236567
10,0.050637462
10,0.052648170
10,0.045372857
10,0.049865622
10,0.048494276
Valor final:
10,0.492758803

CMPLIB2010/small/p40_18_32:
9,0.052444464
9,0.063527359
8,0.053287386
9,0.054773582
9,0.052514165
9,0.049554759
9,0.051136970
8,0.081145782
9,0.051541796
8,0.056954574
Valor final:
8,0.567072981

CMPLIB2010/small/p41_19_20:
4,0.037056499
4,0.034676112
4,0.034861052
4,0.034350685
4,0.035072866
4,0.033926963
4,0.036555627
4,0.034713839
4,0.035018010
4,0.036169099
Valor final:
4,0.352594445

CMPLIB2010/small/p42_19_24:
7,0.068037391
8,0.044429413
7,0.047167581
8,0.041315828
6,0.067902572
7,0.046814835
7,0.044710282
8,0.047873797
7,0.058464724
7,0.053734872
Valor final:
6,0.520693629

CMPLIB2010/small/p60_20_22:
6,0.038580942
5,0.043227438
5,0.046392401
5,0.042746367
5,0.074114924
6,0.038693336
6,0.040829248
5,0.042451965
6,0.038080067
6,0.039073437
Valor final:
5,0.444384545

CMPLIB2010/small/p61_21_22:
6,0.042020383
6,0.043062328
6,0.040580390
6,0.040228337
6,0.040335257
5,0.043410312
6,0.043046811
6,0.040611503
5,0.062220274
6,0.043670000
Valor final:
5,0.439364876

CMPLIB2010/small/p62_21_30:
9,0.071576856
9,0.118870799
11,0.050967006
10,0.061211132
8,0.069070029
11,0.054436706
8,0.083703085
9,0.049162370
10,0.052455175
11,0.055214902
Valor final:
8,0.666790930

CMPLIB2010/small/p63_21_42:
15,0.076147745
14,0.167442277
15,0.077569434
13,0.068876892
15,0.096856504
14,0.090335885
15,0.087045885
13,0.144963763
14,0.088994822
13,0.093002080
Valor final:
13,0.991454815

CMPLIB2010/small/p64_21_22:
7,0.054174153
6,0.067881808
7,0.047587910
7,0.036683536
8,0.043067933
7,0.068645508
8,0.043310121
7,0.052347127
7,0.060737120
8,0.041807279
Valor final:
6,0.516476371

CMPLIB2010/small/p70_21_25:
7,0.044127238
7,0.044454568
7,0.043596000
7,0.043758430
7,0.043353020
7,0.043949391
7,0.039749658
7,0.045066424
7,0.041102458
7,0.042143942
Valor final:
7,0.431468648

CMPLIB2010/small/p71_22_29:
6,0.050327614
6,0.047018506
6,0.048282321
6,0.045264962
6,0.046483768
6,0.048766414
6,0.050274898
6,0.047162588
6,0.047583887
6,0.050493399
Valor final:
6,0.481826211

CMPLIB2010/small/p72_22_49:
18,0.110802461
18,0.088205144
16,0.159762344
18,0.089418215
18,0.077450870
17,0.143257243
18,0.076553056
18,0.104360449
18,0.087575671
17,0.102172110
Valor final:
16,1.039785452

CMPLIB2010/small/p73_22_29:
8,0.101664804
9,0.053456562
7,0.083047269
8,0.075311783
7,0.058494169
8,0.066267862
7,0.072143637
8,0.070407607
8,0.061800697
8,0.065650372
Valor final:
7,0.708472765

CMPLIB2010/small/p74_22_30:
10,0.051647936
8,0.053368168
10,0.054463664
8,0.055750966
8,0.058066103
9,0.056771716
8,0.076017435
8,0.051195800
8,0.056099138
8,0.053819345
Valor final:
8,0.567381650

CMPLIB2010/small/p80_22_30:
8,0.057409623
8,0.050644892
8,0.058266289
8,0.055954522
8,0.051075614
8,0.051620631
8,0.053122125
8,0.053057232
8,0.053348430
7,0.055641889
Valor final:
7,0.540290808

CMPLIB2010/small/p81_23_46:
15,0.106430251
17,0.118951394
16,0.120739715
16,0.114953915
14,0.211247088
16,0.109802949
16,0.133135304
15,0.164171143
17,0.131752430
14,0.101370847
Valor final:
14,1.312709412

CMPLIB2010/small/p82_23_24:
6,0.043205987
6,0.042372263
6,0.042880649
6,0.046250307
6,0.043735477
6,0.044962092
6,0.043882991
6,0.043270884
6,0.041339786
6,0.044372653
Valor final:
6,0.436389295

CMPLIB2010/small/p99_24_27:
7,0.048326533
5,0.050507238
6,0.064623304
7,0.046530486
6,0.070611943
6,0.058287479
6,0.054166992
7,0.049267365
7,0.049019057
7,0.047902706
Valor final:
5,0.539352657

CMPLIB2010/small/p100_24_34:
10,0.068593322
11,0.069679256
12,0.063382486
12,0.062764634
11,0.059085863
11,0.090235054
10,0.097818966
12,0.072898693
11,0.077452364
10,0.111448848
Valor final:
10,0.773612979

CMPLIB2010/harwellboeing/494_bus.mtx.rnd:
39,5.344365081
39,5.272464402
39,5.394753334
39,5.384860711
39,5.427602761
39,5.943874817
39,6.501452669
39,5.724359888
39,5.790518438
39,5.308188771
Valor final:
39,56.093535087

CMPLIB2010/harwellboeing/662_bus.mtx.rnd:
67,12.340645099
67,11.624194347
65,12.049904564
67,11.817485312
67,11.146603629
67,12.270730638
67,11.512265469
67,11.932633669
67,10.966266936
67,12.613907538
Valor final:
65,118.276738646

CMPLIB2010/harwellboeing/arc130.mtx.rnd:
279,9.760315257
236,14.702822783
265,13.911589825
261,12.138267273
261,24.030157658
270,11.129874470
278,11.981638223
253,21.240131345
241,19.354720349
243,17.473417965
Valor final:
236,155.723744067

CMPLIB2010/harwellboeing/ash292.mtx.rnd:
178,6.716679567
178,6.699624086
178,6.799099476
178,6.834375201
177,6.857215955
175,13.376268744
178,6.698964211
178,6.846511648
172,9.678823258
178,6.789661089
Valor final:
172,77.298657100

CMPLIB2010/harwellboeing/bcspwr01.mtx.rnd:
9,0.097183097
9,0.108963135
9,0.107505197
9,0.108709559
9,0.108516104
9,0.108445308
9,0.105444574
9,0.109326337
9,0.104684126
9,0.104387693
Valor final:
9,1.063444896

CMPLIB2010/harwellboeing/bcspwr05.mtx.rnd:
40,5.613887775
40,5.749174549
40,5.509529283
40,5.500787276
40,5.708941728
40,5.565713736
40,5.416661817
40,5.675984416
40,5.623639697
40,5.495632198
Valor final:
40,55.861161244

CMPLIB2010/harwellboeing/bcsstk01.mtx.rnd:
52,0.484387296
53,0.519501856
53,0.442133170
51,0.655913564
53,0.418578484
51,0.635182869
53,0.370190181
53,0.513244724
49,0.806415519
48,0.447301263
Valor final:
48,5.293235770

CMPLIB2010/harwellboeing/bcsstk02.mtx.rnd:
1089,5.600158099
1089,6.205616387
1089,5.447301519
1089,5.576882223
1089,5.443691039
1089,5.348498159
1089,5.759397805
1089,5.427879882
1089,5.295715189
1089,5.603908135
Valor final:
1089,55.710323806

CMPLIB2010/harwellboeing/bcsstk04.mtx.rnd:
537,39.556371662
576,18.242309361
567,30.170533444
612,7.913739832
572,33.295789919
562,24.480971791
607,16.417629088
591,13.942388690
551,40.948538026
611,8.248239556
Valor final:
537,233.217974974

CMPLIB2010/harwellboeing/bcsstk20.mtx.rnd:
125,16.361915678
119,17.956946741
129,14.466311938
123,14.049228915
130,12.096520313
108,45.616215408
126,12.805236527
118,24.258387690
125,34.826138547
120,22.738508006
Valor final:
108,215.177536163

CMPLIB2010/harwellboeing/bcsstk22.mtx.rnd:
38,0.849953789
38,0.846158125
36,1.372909064
38,1.074729484
34,1.342323719
38,0.919545357
36,0.882076342
38,0.844610244
36,0.851009549
37,1.198435256
Valor final:
34,10.182159196

CMPLIB2010/harwellboeing/can__144.mtx.rnd:
114,3.537708101
118,7.006499055
123,2.935008961
124,4.953132111
113,3.291618210
122,4.710122240
116,4.479428716
118,4.966615509
117,6.420196643
116,3.895217126
Valor final:
113,46.196246553

CMPLIB2010/harwellboeing/can__161.mtx.rnd:
101,2.757985481
101,3.076438461
101,2.685786407
101,2.856251034
101,2.956005860
97,3.985248522
101,2.986980920
101,2.714214318
99,3.280527347
98,3.127602099
Valor final:
97,30.427749302

CMPLIB2010/harwellboeing/curtis54.mtx.rnd:
27,0.282511186
27,0.287326132
27,0.279943333
26,0.319379666
27,0.274896841
27,0.273415140
27,0.273050059
25,0.488432952
26,0.310792789
26,0.285084074
Valor final:
25,3.075171010

CMPLIB2010/harwellboeing/lund_a.mtx.rnd:
197,8.419942371
203,5.112696558
201,5.821349881
203,4.766367844
203,5.132415791
203,4.948144399
198,5.720504497
203,5.054286132
203,4.988109949
203,4.892223793
Valor final:
197,54.857057097

CMPLIB2010/harwellboeing/mcca.mtx.rnd:
581,27.054823904
618,18.233850861
621,14.099314292
627,23.967390194
629,13.841276475
600,29.929970948
603,24.888945837
608,17.792252015
592,26.798379970
549,37.380790662
Valor final:
549,233.988796652

CMPLIB2010/harwellboeing/nnc261.mtx.rnd:
139,5.312832880
133,10.840815891
134,12.258014065
139,5.097725494
139,5.144850848
139,5.337319745
139,5.027909546
139,5.195934159
139,5.315247408
137,9.307203978
Valor final:
133,68.839038801

CMPLIB2010/harwellboeing/nos5.mtx.rnd:
386,24.194717694
386,24.240978413
386,24.221838776
386,24.335534827
376,47.909408292
382,36.682604533
386,25.003995768
386,25.033179769
385,25.138149548
382,53.513123926
Valor final:
376,310.277737979

CMPLIB2010/harwellboeing/nos6.mtx.rnd:
91,16.966103225
91,16.917741481
91,16.915899943
91,16.913977101
91,16.946671339
91,16.984809273
91,16.897227933
91,16.956304615
91,17.427546858
91,17.154777668
Valor final:
91,170.084337416

CMPLIB2010/harwellboeing/plat362.mtx.rnd:
307,27.219690412
308,22.406256986
308,22.506292451
308,22.630892059
308,22.310499863
308,22.230521063
308,22.453293215
308,22.369347674
308,22.330303072
308,22.801141610
Valor final:
307,229.261945239

CMPLIB2010/harwellboeing/plskz362.mtx.rnd:
96,7.088154017
96,7.067618505
95,14.155591528
95,7.304537080
94,7.455522341
96,7.397677895
96,7.084754430
96,7.190484542
96,7.221534170
92,8.899343952
Valor final:
92,80.866745695

CMPLIB2010/harwellboeing/shl__200.mtx.rnd:
538,232.944334904
560,59.631097631
566,54.416399117
562,82.615824575
567,54.203298470
542,226.721141258
559,148.893723287
564,58.325384755
566,30.457190455
565,53.747966889
Valor final:
538,1001.961900138

CMPLIB2010/harwellboeing/shl__400.mtx.rnd:
541,156.525742316
555,26.973720023
541,70.989558638
552,44.861069101
554,30.275518007
549,33.290253557
550,47.698952752
533,170.231294352
555,26.724072406
553,29.994490948
Valor final:
533,637.570075287

CMPLIB2010/harwellboeing/str__200.mtx.rnd:
807,69.331213859
804,46.549889836
797,35.560428724
765,142.051341656
777,56.071348803
805,43.961884911
820,36.722006221
800,55.166747510
816,35.333444171
805,43.307379271
Valor final:
765,564.061154085

CMPLIB2010/harwellboeing/str__600.mtx.rnd:
769,62.363232569
777,49.378209739
771,40.600205268
780,32.051224796
771,51.227984710
775,38.538542231
769,103.110639984
764,31.415711362
770,62.984849901
780,30.359890049
Valor final:
764,502.036127029

CMPLIB2010/harwellboeing/will199.mtx.rnd:
199,3.775251458
194,8.940267508
191,9.903465933
192,5.981042377
197,4.483429373
195,4.986395176
195,5.478415287
197,3.705528122
191,8.657951694
191,10.615526832
Valor final:
191,66.528417459

CMPLIB2010/harwellboeing/will57.mtx.rnd:
24,0.452047889
23,0.322132332
25,0.702174821
24,0.351187988
22,0.613630061
24,0.423030926
24,0.483624719
23,0.407094111
27,0.319710367
25,0.343851780
Valor final:
22,4.418767254

CMPLIB2010/grids/Grid12x3:
13,0.163902195
13,0.119727473
11,0.258291155
13,0.163448384
14,0.123669186
13,0.145231410
13,0.128857122
12,0.172761781
12,0.193024394
11,0.161801772
Valor final:
11,1.630932375

CMPLIB2010/grids/Grid12x6:
29,0.373697872
28,0.447710519
28,0.398598914
28,0.547542699
29,0.329375276
29,0.330014722
28,0.402663473
29,0.330479905
28,0.508046701
25,0.552332406
Valor final:
25,4.220756165

CMPLIB2010/grids/Grid12x9:
29,0.652656979
29,0.660527793
28,1.010762066
29,0.730290427
29,0.732071828
29,0.729340810
29,0.729567057
29,0.663951078
29,0.685072603
29,0.666662143
Valor final:
28,7.261256106

CMPLIB2010/grids/Grid15x12:
46,1.573332961
46,1.690755749
46,1.871082081
46,1.622052347
46,1.538072145
46,1.534979312
46,1.700776188
46,1.716149097
43,2.046796164
42,2.193612092
Valor final:
42,17.488098543

CMPLIB2010/grids/Grid15x15:
65,2.539425398
63,2.702496266
64,2.678456494
65,2.524299215
63,4.056486648
64,2.712552144
62,5.294280422
65,2.357672315
65,2.593964236
61,5.432468640
Valor final:
61,32.892747747

CMPLIB2010/grids/Grid15x18:
56,5.323708547
55,5.063024858
57,3.373287890
57,3.350210922
57,3.402640020
57,3.176449237
57,3.579893315
57,3.191870691
53,3.796416873
57,3.312813846
Valor final:
53,37.571139934

CMPLIB2010/grids/Grid18x21:
59,8.248741923
60,6.078517613
60,5.832524998
60,5.814493262
60,6.050669412
60,6.018216320
60,5.861174918
60,5.837000849
60,6.033615496
60,6.039758826
Valor final:
59,61.815877827

CMPLIB2010/grids/Grid21x24:
80,9.878620547
80,9.946685300
80,10.136425730
80,10.086760979
80,9.842555564
80,9.863170433
80,10.088723802
80,10.098507131
80,9.897929455
80,10.303225169
Valor final:
80,100.144608235

CMPLIB2010/grids/Grid24x27:
106,15.896739109
106,16.012788843
106,16.233011021
106,16.264483133
106,15.984293572
106,15.914785562
104,22.769704734
106,15.989526911
106,16.202402207
106,15.976253973
Valor final:
104,167.246745171

CMPLIB2010/grids/Grid27x24:
109,15.846139869
109,15.980532460
109,15.879830326
109,15.758989493
109,15.783214687
109,15.758378766
109,15.773829432
109,15.777962278
109,15.761721944
109,15.855703202
Valor final:
109,158.179088788

CMPLIB2010/grids/Grid27x27:
99,19.292958560
99,19.539092339
96,31.888374975
99,19.231939651
95,28.226114435
99,19.259827986
99,19.517303770
98,21.713398023
95,30.118401888
99,19.328034608
Valor final:
95,228.118996646

CMPLIB2010/grids/Grid3x3:
4,0.024191137
4,0.022804205
4,0.026312586
4,0.023131274
4,0.022574723
4,0.027345708
4,0.023001294
4,0.023769489
4,0.024098682
4,0.022697240
Valor final:
4,0.240142189

CMPLIB2010/grids/Grid6x6:
16,0.196076662
15,0.135323507
15,0.172838320
14,0.173752760
16,0.179608991
15,0.166463745
16,0.153799615
14,0.160616947
14,0.259562903
15,0.226630112
Valor final:
14,1.824966527

CMPLIB2010/grids/Grid6x9:
17,0.237356906
17,0.238516286
17,0.231937332
17,0.212205847
17,0.212209720
15,0.233831614
17,0.212700973
17,0.210877539
16,0.257001256
17,0.211508513
Valor final:
15,2.258435262

CMPLIB2010/grids/Grid9x18:
35,1.597402152
36,1.358854449
36,1.446710258
36,1.444048762
36,1.363919427
36,1.293712149
36,1.301340919
36,1.389249280
36,1.453432941
36,1.450636704
Valor final:
35,14.099764095

